#time0row7[msb-lsb],time0row6[msb-lst],....,time0row0[msb-lst]#
#time1row7[msb-lsb],time1row6[msb-lst],....,time1row0[msb-lst]#
#................#
00000000000010010111011000110000
00000000000001101001011100110000
00000000000000100000000000010000
00000000000000000000000000000000
00000000000000000000000000000000
00000000000011101111100100100000
00000000000011101111001000110000
00000000000011111111001101100000
00000000000011110011010001110000
00000000000011010100010101100000
00000000000001010111011001010000
00000000000001001000011101010000
00000000000000111000011001010000
00000000000001010111010101010000
00000000000000100111011101010000
00000000000000000010110001010000
00000000000000001010111101000000
00000000000010001111011101000000
00000000000010111111101000100000
00000001000010111111111100100000
00000011000011111001111100100000
00000010000011000101101000000000
00000001000010110001001100000000
00000000000010000000001100000100
00000000000001000000010100000100
00000000000000110111010100000000
00000000000000101110010100000000
00000000000000011110011000000000
00000000000001111000010100000000
00000000000000101011001000000000
00000000000001011111101100000000
00000010000011101111111000000000
00000010000011100100110100110000
00000000000010110000011100110000
00000000000001100100011000110000
00000000000010001010011100110000
00000000000000010000000000010000
00000000000000000000000000000000
00000000000000000000000000000000
00000000000011101110110000000000
00000000000010001111111100000000
00000101000011111110111101000000
00000001000011110000111001010001
00000000000010000000011101010000
00000000000001110111011101010000
00000000000001011000011001010000
00000000000001010111010101010000
00000000000001011000010101010000
00000000000001111010010001010000
00000000000001011011010101010000
00000000000001101010110001000000
00000000000011000010100000100000
00000000000001101000010000000000
00000000000010001111010000000000
00000000000011010111001100000000
00000000000001100101010000000000
00000000000010010111010100000000
00000000000010010000010000000011
00000000000000010000001100000101
00000000000000011001011100000000
00000000000001001111110000000000
00000000000001011100100000000000
00000000000000110110000000000000
00000000000000001111010100000000
